Input: [-1.  -1.   1.   1.  -1.  -1.  -1.  -1.  -1.  -1.5  1.  -1.  -1.  -1.
 -1.  -1.  -1.   1.  -1.  -1.  -1.  -1.  -1.   1.  -1.   1.  -1.5 -1.
 -1.  -1.   1.  -1.   1.  -1.  -1.  -1.   1.   1.   1.   1.   1.  -1.
 -1.   1.  -1.  -1.5 -1.   1.  -1.  -1.   1.  -1.  -1.  -1.   1.  -1.
  1.  -1.   1.  -1.   1.  -1.   1. ] Expected Output: [1 0 0 0 0 0 0] Predicted Output Int: [1, 0, 0, 0, 0, 0, 0] Expected Output Letter: A Predicted Output Letter: A Predicted Output: [0.77146643 0.04782777 0.07872102 0.13303865 0.10975446 0.12918115
 0.17109206]
Input: [ 1.   1.   1.   1.   1.   1.  -1.  -1.  -1.  -1.  -1.  -1.  -1.   1.
 -1.   1.  -1.  -1.  -1.  -1.   1.  -1.   1.  -1.5 -1.  -1.  -1.   1.
 -1.   1.   1.   1.   1.   1.  -1.  -1.   1.  -1.  -1.5 -1.  -1.   1.
 -1.   1.  -1.5 -1.  -1.  -1.   1.  -1.   1.  -1.  -1.  -1.  -1.   1.
  1.   1.   1.   1.   1.   1.  -1. ] Expected Output: [0 1 0 0 0 0 0] Predicted Output Int: [0, 1, 0, 0, 0, 0, 0] Expected Output Letter: B Predicted Output Letter: B Predicted Output: [0.04774384 0.6158985  0.0868315  0.17571107 0.18820438 0.043017
 0.04000283]
Input: [-1.  -1.   1.   1.   1.   1.   1.  -1.5  1.  -1.  -1.  -1.5 -1.   1.
  1.  -1.  -1.  -1.  -1.  -1.  -1.   1.  -1.5 -1.  -1.  -1.  -1.  -1.
 -1.  -1.  -1.  -1.  -1.  -1.  -1.   1.  -1.  -1.  -1.  -1.  -1.  -1.
  1.  -1.  -1.  -1.  -1.  -1.  -1.  -1.   1.  -1.  -1.  -1.5 -1.   1.
 -1.  -1.   1.   1.   1.   1.  -1. ] Expected Output: [0 0 1 0 0 0 0] Predicted Output Int: [0, 0, 0, 0, 0, 0, 0] Expected Output Letter: C Predicted Output Letter: -1 Predicted Output: [0.03505038 0.10037829 0.47968048 0.04239353 0.1779797  0.09466658
 0.14209616]
Input: [ 1.   1.   1.   1.   1.  -1.  -1.  -1.   1.  -1.  -1.5 -1.   1.  -1.
 -1.   1.  -1.  -1.  -1.  -1.  -1.  -1.   1.  -1.5 -1.  -1.  -1.   1.
 -1.   1.  -1.  -1.  -1.  -1.  -1.  -1.   1.  -1.  -1.  -1.  -1.   1.
 -1.   1.  -1.  -1.  -1.  -1.   1.  -1.   1.  -1.5 -1.  -1.   1.  -1.
  1.   1.   1.   1.   1.  -1.  -1. ] Expected Output: [0 0 0 1 0 0 0] Predicted Output Int: [0, 0, 0, 1, 0, 0, 0] Expected Output Letter: D Predicted Output Letter: D Predicted Output: [0.12360062 0.13363348 0.13797607 0.613256   0.06609476 0.12201472
 0.08422909]
Input: [ 1.   1.  -1.   1.   1.   1.   1.  -1.   1.  -1.  -1.  -1.  -1.   1.
 -1.   1.  -1.  -1.  -1.  -1.  -1.  -1.   1.  -1.   1.  -1.  -1.  -1.
 -1.   1.  -1.   1.  -1.5 -1.  -1.  -1.   1.  -1.   1.  -1.  -1.  -1.
 -1.   1.  -1.  -1.  -1.  -1.  -1.  -1.5  1.  -1.  -1.  -1.  -1.   1.
  1.   1.   1.   1.   1.   1.   1. ] Expected Output: [0 0 0 0 1 0 0] Predicted Output Int: [0, 0, 0, 0, 1, 0, 0] Expected Output Letter: E Predicted Output Letter: E Predicted Output: [0.05293889 0.10821781 0.12628025 0.0361264  0.5479683  0.02969213
 0.31924456]
Input: [-1.  -1.  -1.   1.   1.  -1.   1.  -1.  -1.  -1.  -1.  -1.   1.  -1.
 -1.  -1.  -1.  -1.  -1.   1.  -1.  -1.  -1.  -1.  -1.  -1.   1.  -1.
 -1.  -1.  -1.  -1.  -1.   1.  -1.  -1.  -1.  -1.  -1.  -1.  -1.  -1.
 -1.   1.  -1.  -1.  -1.   1.  -1.  -1.  -1.  -1.  -1.  -1.5  1.  -1.
 -1.  -1.   1.   1.   1.  -1.  -1. ] Expected Output: [0 0 0 0 0 1 0] Predicted Output Int: [0, 0, 0, 0, 0, 1, 0] Expected Output Letter: J Predicted Output Letter: J Predicted Output: [0.116335   0.07637791 0.20416522 0.13992275 0.06210966 0.7012767
 0.08799966]
Input: [ 1.  -1.   1.  -1.  -1.5  1.   1.  -1.   1.  -1.  -1.   1.  -1.  -1.
 -1.   1.  -1.   1.  -1.  -1.  -1.  -1.   1.   1.  -1.  -1.  -1.  -1.
 -1.   1.   1.  -1.  -1.  -1.  -1.  -1.   1.  -1.   1.  -1.  -1.  -1.
 -1.   1.  -1.  -1.   1.  -1.5 -1.  -1.   1.  -1.5 -1.  -1.   1.  -1.
  1.   1.  -1.  -1.  -1.   1.   1. ] Expected Output: [0 0 0 0 0 0 1] Predicted Output Int: [0, 0, 0, 0, 0, 0, 1] Expected Output Letter: K Predicted Output Letter: K Predicted Output: [0.1703559  0.04923544 0.13309853 0.08243743 0.24759434 0.06067409
 0.6679418 ]
Input: [-1.  -1.  -1.   1.  -1.  -1.  -1.  -1.  -1.  -1.  -1.  -1.  -1.  -1.
 -1.  -1.  -1.   1.  -1.  -1.  -1.  -1.  -1.   1.  -1.   1.  -1.  -1.
 -1.  -1.   1.  -1.  -1.  -1.  -1.  -1.   1.  -1.  -1.  -1.   1.  -1.
 -1.   1.   1.   1.  -1.   1.  -1.  -1.5 -1.  -1.  -1.  -1.  -1.  -1.
 -1.5 -1.  -1.  -1.  -1.5 -1.  -1.5] Expected Output: [1 0 0 0 0 0 0] Predicted Output Int: [1, 0, 0, 0, 0, 0, 0] Expected Output Letter: A Predicted Output Letter: A Predicted Output: [0.6034453  0.07039996 0.08592326 0.06716337 0.14850767 0.26695442
 0.2511199 ]
Input: [ 1.   1.   1.   1.   1.   1.  -1.   1.  -1.  -1.  -1.  -1.  -1.   1.
 -1.  -1.  -1.  -1.  -1.  -1.   1.   1.  -1.  -1.  -1.  -1.  -1.   1.
 -1.   1.   1.  -1.   1.   1.  -1.   1.  -1.  -1.  -1.  -1.  -1.   1.
  1.  -1.  -1.  -1.  -1.  -1.   1.   1.  -1.  -1.  -1.5 -1.  -1.  -1.
  1.   1.   1.   1.   1.   1.  -1. ] Expected Output: [0 1 0 0 0 0 0] Predicted Output Int: [0, 0, 0, 0, 0, 0, 0] Expected Output Letter: B Predicted Output Letter: -1 Predicted Output: [0.07331496 0.46037808 0.10369556 0.16002843 0.16354232 0.04350917
 0.03917475]
Input: [-1.  -1.   1.   1.   1.  -1.  -1.  -1.   1.  -1.  -1.  -1.   1.  -1.
  1.  -1.  -1.  -1.  -1.  -1.   1.   1.  -1.  -1.  -1.  -1.  -1.  -1.
  1.  -1.5 -1.  -1.5 -1.  -1.5 -1.   1.  -1.  -1.  -1.  -1.  -1.  -1.
  1.  -1.  -1.  -1.  -1.  -1.  -1.  -1.   1.  -1.  -1.  -1.  -1.  -1.
 -1.  -1.   1.   1.   1.  -1.  -1. ] Expected Output: [0 0 1 0 0 0 0] Predicted Output Int: [0, 0, 1, 0, 0, 0, 0] Expected Output Letter: C Predicted Output Letter: C Predicted Output: [0.04341994 0.08169682 0.62511176 0.13962778 0.070567   0.14447725
 0.13905369]
Input: [-1.   1.   1.   1.   1.  -1.  -1.   1.  -1.  -1.  -1.  -1.   1.  -1.
  1.  -1.  -1.  -1.  -1.  -1.   1.   1.  -1.  -1.  -1.  -1.  -1.   1.
  1.  -1.5 -1.5 -1.  -1.  -1.   1.   1.  -1.  -1.  -1.  -1.  -1.   1.
 -1.  -1.  -1.  -1.  -1.  -1.   1.   1.  -1.  -1.  -1.  -1.   1.  -1.
 -1.   1.   1.   1.   1.  -1.  -1. ] Expected Output: [0 0 0 1 0 0 0] Predicted Output Int: [0, 0, 0, 1, 0, 0, 0] Expected Output Letter: D Predicted Output Letter: D Predicted Output: [0.06559483 0.20444752 0.27465755 0.58596885 0.0444338  0.17245
 0.05123954]
Input: [-1.   1.   1.   1.   1.   1.   1.   1.  -1.  -1.  -1.  -1.  -1.  -1.
  1.  -1.  -1.  -1.  -1.  -1.  -1.   1.  -1.  -1.  -1.  -1.  -1.  -1.
 -1.   1.   1.   1.   1.  -1.  -1.   1.  -1.  -1.  -1.  -1.  -1.  -1.
  1.  -1.  -1.5 -1.  -1.  -1.  -1.   1.  -1.  -1.5 -1.  -1.  -1.  -1.
 -1.   1.   1.   1.   1.   1.   1. ] Expected Output: [0 0 0 0 1 0 0] Predicted Output Int: [0, 0, 0, 0, 1, 0, 0] Expected Output Letter: E Predicted Output Letter: E Predicted Output: [0.06648146 0.1379037  0.11595003 0.03636738 0.51283395 0.0389238
 0.17829274]
Input: [-1.  -1.  -1.  -1.  -1.   1.  -1.  -1.  -1.  -1.  -1.  -1.   1.  -1.
 -1.  -1.  -1.  -1.  -1.   1.  -1.  -1.  -1.  -1.  -1.  -1.   1.  -1.
 -1.  -1.  -1.  -1.  -1.   1.  -1.  -1.  -1.  -1.  -1.  -1.   1.  -1.
 -1.  -1.  -1.  -1.  -1.   1.  -1.  -1.5 -1.  -1.  -1.  -1.   1.  -1.
 -1.5 -1.  -1.   1.   1.  -1.  -1. ] Expected Output: [0 0 0 0 0 1 0] Predicted Output Int: [0, 0, 0, 0, 0, 1, 0] Expected Output Letter: J Predicted Output Letter: J Predicted Output: [0.12523411 0.08739347 0.15226166 0.11357058 0.05414882 0.78196335
 0.0926891 ]
Input: [-1. -1. -1. -1. -1. -1. -1.  1. -1. -1. -1.  1. -1. -1.  1. -1. -1.  1.
 -1. -1. -1.  1. -1.  1. -1. -1. -1. -1. -1.  1. -1. -1. -1. -1. -1.  1.
 -1.  1. -1. -1. -1. -1.  1. -1. -1.  1. -1. -1. -1.  1. -1. -1. -1.  1.
 -1. -1. -1. -1. -1. -1. -1. -1. -1.] Expected Output: [0 0 0 0 0 0 1] Predicted Output Int: [0, 0, 0, 0, 0, 0, 1] Expected Output Letter: K Predicted Output Letter: K Predicted Output: [0.20170817 0.04421908 0.23420674 0.06841971 0.19214419 0.14208893
 0.5395167 ]
Input: [-1.  -1.  -1.   1.  -1.  -1.  -1.  -1.  -1.  -1.   1.  -1.  -1.  -1.
 -1.  -1.   1.  -1.   1.  -1.  -1.  -1.  -1.   1.  -1.   1.  -1.  -1.
 -1.   1.  -1.  -1.  -1.   1.  -1.  -1.  -1.   1.  -1.   1.  -1.  -1.
  1.  -1.  -1.  -1.  -1.  -1.   1.   1.  -1.  -1.  -1.  -1.  -1.   1.
  1.   1.  -1.5 -1.5 -1.   1.   1. ] Expected Output: [1 0 0 0 0 0 0] Predicted Output Int: [1, 0, 0, 0, 0, 0, 0] Expected Output Letter: A Predicted Output Letter: A Predicted Output: [0.73598206 0.08102947 0.03900215 0.12832138 0.11887385 0.05605494
 0.1216186 ]
Input: [ 1.   1.   1.   1.   1.   1.  -1.  -1.5  1.  -1.  -1.  -1.  -1.   1.
 -1.   1.  -1.  -1.  -1.  -1.   1.  -1.   1.   1.   1.   1.   1.  -1.
 -1.5  1.  -1.  -1.  -1.  -1.   1.  -1.   1.  -1.  -1.  -1.  -1.   1.
 -1.5  1.  -1.  -1.  -1.  -1.  -1.  -1.   1.  -1.  -1.  -1.  -1.   1.
  1.   1.   1.   1.   1.   1.  -1. ] Expected Output: [0 1 0 0 0 0 0] Predicted Output Int: [0, 1, 0, 0, 0, 0, 0] Expected Output Letter: B Predicted Output Letter: B Predicted Output: [0.07098309 0.5981971  0.07877921 0.18570836 0.24071799 0.04321922
 0.07429657]
Input: [-1.  -1.   1.   1.   1.  -1.   1.  -1.   1.  -1.  -1.  -1.   1.   1.
  1.  -1.  -1.  -1.  -1.  -1.   1.   1.  -1.  -1.  -1.  -1.  -1.  -1.
  1.  -1.  -1.  -1.  -1.  -1.  -1.5 -1.  -1.  -1.  -1.  -1.  -1.  -1.
  1.  -1.  -1.  -1.  -1.  -1.   1.  -1.   1.  -1.  -1.  -1.   1.  -1.
 -1.  -1.  -1.   1.   1.  -1.  -1. ] Expected Output: [0 0 1 0 0 0 0] Predicted Output Int: [0, 0, 1, 0, 0, 0, 0] Expected Output Letter: C Predicted Output Letter: C Predicted Output: [0.03595929 0.09202597 0.6876161  0.1540684  0.0729595  0.15179698
 0.13728449]
Input: [ 1.   1.   1.   1.   1.  -1.  -1.  -1.   1.  -1.  -1.  -1.   1.  -1.
 -1.   1.  -1.  -1.  -1.  -1.   1.  -1.   1.  -1.  -1.  -1.  -1.   1.
 -1.   1.  -1.5 -1.5 -1.  -1.  -1.  -1.   1.  -1.  -1.  -1.  -1.   1.
 -1.   1.  -1.  -1.  -1.  -1.  -1.  -1.   1.  -1.  -1.5 -1.   1.  -1.
  1.   1.   1.   1.   1.  -1.  -1. ] Expected Output: [0 0 0 1 0 0 0] Predicted Output Int: [0, 0, 0, 1, 0, 0, 0] Expected Output Letter: D Predicted Output Letter: D Predicted Output: [0.09931594 0.11459374 0.13274619 0.57850146 0.05445799 0.11579721
 0.07137167]
Input: [ 1.   1.   1.   1.   1.   1.   1.  -1.   1.  -1.  -1.  -1.  -1.   1.
 -1.   1.  -1.  -1.   1.  -1.  -1.  -1.5 -1.   1.   1.  -1.  -1.  -1.
 -1.   1.  -1.  -1.   1.  -1.  -1.  -1.   1.  -1.  -1.  -1.  -1.  -1.
 -1.   1.  -1.  -1.  -1.  -1.  -1.  -1.   1.  -1.  -1.  -1.  -1.   1.
 -1.   1.   1.  -1.   1.   1.   1. ] Expected Output: [0 0 0 0 1 0 0] Predicted Output Int: [0, 0, 0, 0, 0, 0, 0] Expected Output Letter: E Predicted Output Letter: -1 Predicted Output: [0.06647633 0.18282896 0.08993264 0.02752559 0.4732137  0.04597624
 0.20652592]
Input: [-1.  -1.  -1.  -1.   1.   1.   1.  -1.  -1.  -1.  -1.  -1.  -1.5 -1.
 -1.  -1.  -1.  -1.  -1.   1.  -1.5 -1.  -1.  -1.  -1.  -1.   1.  -1.
 -1.  -1.  -1.  -1.  -1.  -1.  -1.  -1.  -1.  -1.  -1.  -1.   1.  -1.
 -1.  -1.  -1.  -1.  -1.   1.  -1.  -1.   1.  -1.  -1.  -1.  -1.  -1.
 -1.  -1.   1.   1.   1.  -1.  -1. ] Expected Output: [0 0 0 0 0 1 0] Predicted Output Int: [0, 0, 0, 0, 0, 1, 0] Expected Output Letter: J Predicted Output Letter: J Predicted Output: [0.0950052  0.0850767  0.19160804 0.0682174  0.09405033 0.6998644
 0.08930328]
Input: [-1.  1.  1. -1. -1.  1. -1. -1.  1. -1. -1. -1.  1. -1. -1.  1. -1. -1.
  1. -1. -1. -1.  1. -1. -1. -1. -1. -1. -1.  1.  1. -1. -1. -1. -1. -1.
  1. -1.  1. -1. -1. -1. -1.  1. -1. -1.  1. -1. -1. -1.  1. -1. -1. -1.
 -1. -1. -1.  1.  1. -1. -1.  1.  1.] Expected Output: [0 0 0 0 0 0 1] Predicted Output Int: [0, 0, 0, 0, 0, 0, 0] Expected Output Letter: K Predicted Output Letter: -1 Predicted Output: [0.11426888 0.06078042 0.10760164 0.06753166 0.21087049 0.12148446
 0.4427815 ]
